final elementsData = <String, List<double>>{
  'Hydrogen': [1, 1.0080, 0.00008988, 14.01, 20.28, 14.304, 2.20, 1400],
  'Lithium': [3, 6.94, 0.534, 453.69, 1560, 3.582, 0.98, 20],
  'Beryllium': [4, 9.0122, 1.85, 1560, 2742, 1.825, 1.57, 2.8],
  'Boron': [5, 10.81, 2.34, 2349, 4200, 1.026, 2.04, 10],
  'Carbon': [6, 12.011, 2.267, 4000, 4300, 0.709, 2.55, 200],
  'Nitrogen': [7, 14.007, 0.0012506, 63.15, 77.36, 1.04, 3.04, 19],
  'Oxygen': [8, 15.999, 0.001429, 54.36, 90.20, 0.918, 3.44, 461000],
  'Fluorine': [9, 18.998, 0.001696, 53.53, 85.03, 0.824, 3.98, 585]
};
